[10:24:26] ---START---

[10:24:26] WEIGHT:79.5

[10:24:26] HEIGHT:90.5

[10:24:26] Linkervoet:

[10:24:26] 0,0,0,0,0,0,0

[10:24:26] 0,0,0,0,0,0,0

[10:24:26] 120,131,207,277,361,486,446

[10:24:26] 428,433,547,658,628,654,589

[10:24:26] 265,265,427,576,630,486,319

[10:24:26] 575,613,824,897,869,792,630

[10:24:26] 107,149,443,429,313,256,202

[10:24:27] 145,176,266,315,230,221,182

[10:24:27] 0,0,0,0,0,0,0

[10:24:27] 0,0,0,0,0,0,0

[10:24:27] 0,0,0,0,0,0,0

[10:24:27] 0,0,0,0,0,0,0

[10:24:27] 0,0,0,0,0,0,0

[10:24:27] 0,0,0,0,0,0,0

[10:24:27] 0,0,0,0,0,0,0

[10:24:27] Rechtervoet:

[10:24:27] 0,0,0,0,0,0,0

[10:24:27] 0,0,0,0,0,0,0

[10:24:27] 181,194,258,315,449,409,346

[10:24:27] 299,322,396,482,420,494,441

[10:24:27] 652,667,756,845,890,903,701

[10:24:27] 601,714,1024,1024,1024,1024,578

[10:24:27] 539,584,952,793,611,546,396

[10:24:27] 0,0,0,0,0,0,0

[10:24:27] 0,0,0,0,0,0,0

[10:24:27] 0,0,0,0,0,0,0

[10:24:27] 0,0,0,0,0,0,0

[10:24:27] 0,0,0,0,0,0,0

[10:24:27] 0,0,0,0,0,0,0

[10:24:27] 0,0,0,0,0,0,0

[10:24:27] 0,0,0,0,0,0,0

[10:24:27] LABEL: on_toes

[10:24:27] CORRECT_HEEL_POS: True