[10:27:45] ---START---

[10:27:45] WEIGHT:81.3

[10:27:45] HEIGHT:106.5

[10:27:45] Linkervoet:

[10:27:45] 266,310,353,349,250,186,141

[10:27:45] 173,232,192,236,110,38,7

[10:27:45] 548,605,593,511,345,271,204

[10:27:45] 837,859,840,759,554,469,365

[10:27:45] 577,549,414,275,151,96,51

[10:27:45] 445,365,332,279,214,195,159

[10:27:45] 0,0,0,0,0,0,0

[10:27:45] 0,0,0,0,0,0,0

[10:27:45] 0,0,0,0,0,0,0

[10:27:45] 557,572,478,364,207,142,104

[10:27:45] 723,689,703,555,404,330,239

[10:27:45] 415,409,411,247,99,71,38

[10:27:45] 0,3,8,8,5,4,3

[10:27:45] 0,0,0,0,0,0,0

[10:27:45] 0,0,0,0,0,0,0

[10:27:46] Rechtervoet:

[10:27:46] 97,114,141,118,104,92,75

[10:27:46] 660,764,775,848,859,627,374

[10:27:46] 561,592,585,510,448,345,206

[10:27:46] 851,864,882,828,677,570,401

[10:27:46] 966,915,901,828,746,683,538

[10:27:46] 358,203,130,77,66,50,32

[10:27:46] 0,0,0,0,0,0,0

[10:27:46] 0,0,0,0,0,0,0

[10:27:46] 0,0,0,0,0,0,0

[10:27:46] 188,224,132,66,50,39,20

[10:27:46] 916,846,839,655,588,487,321

[10:27:46] 578,488,541,277,210,154,82

[10:27:46] 42,66,35,19,14,15,10

[10:27:46] 0,0,0,0,0,0,0

[10:27:46] 0,0,0,0,0,0,0

[10:27:46] LABEL: correct_posture

[10:27:46] CORRECT_HEEL_POS: False
 