[10:25:38] ---START---

[10:25:38] WEIGHT:83.4

[10:25:38] HEIGHT:105.7

[10:25:38] Linkervoet:

[10:25:38] 0,0,0,0,0,0,0

[10:25:38] 0,0,0,0,0,0,0

[10:25:38] 0,0,0,0,0,0,0

[10:25:38] 0,0,0,0,0,0,0

[10:25:38] 0,0,0,0,0,0,0

[10:25:38] 6,5,7,11,7,4,2

[10:25:38] 0,0,0,0,0,0,0

[10:25:38] 0,0,0,0,0,0,0

[10:25:38] 0,0,0,0,0,0,0

[10:25:38] 0,0,0,0,0,0,0

[10:25:38] 0,0,0,0,0,0,0

[10:25:38] 0,0,0,0,0,0,0

[10:25:39] 0,0,0,0,0,0,0

[10:25:39] 0,0,0,0,0,0,0

[10:25:39] 0,0,0,0,0,0,0

[10:25:39] Rechtervoet:

[10:25:39] 0,0,0,0,0,0,0

[10:25:39] 0,0,0,0,0,0,0

[10:25:39] 146,153,197,213,293,277,327

[10:25:39] 355,368,425,477,448,507,572

[10:25:39] 663,668,737,792,829,847,727

[10:25:39] 523,583,938,942,936,978,638

[10:25:39] 692,723,1024,948,849,836,660

[10:25:39] 122,190,808,542,290,305,256

[10:25:39] 7,12,54,134,51,95,109

[10:25:39] 0,0,0,17,2,19,50

[10:25:39] 202,195,222,255,290,249,195

[10:25:39] 142,124,208,275,453,559,357

[10:25:39] 247,228,322,358,665,768,518

[10:25:39] 593,609,676,722,909,927,766

[10:25:39] 0,0,0,0,0,0,0

[10:25:39] LABEL: inbalance_right

[10:25:39] CORRECT_HEEL_POS: True