[10:23:43] ---START---

[10:23:43] WEIGHT:81.7

[10:23:43] HEIGHT:138.7

[10:23:43] Linkervoet:

[10:23:43] 0,0,0,0,0,0,0

[10:23:43] 0,0,0,0,0,0,0

[10:23:44] 66,73,109,157,199,256,280

[10:23:44] 392,391,477,580,547,588,560

[10:23:44] 229,203,305,401,440,414,307

[10:23:44] 583,580,729,827,792,790,668

[10:23:44] 134,155,398,429,330,344,276

[10:23:44] 274,316,460,510,398,401,346

[10:23:44] 65,57,100,174,112,144,134

[10:23:44] 90,90,125,177,96,78,81

[10:23:44] 161,170,207,256,255,233,195

[10:23:44] 128,121,188,281,366,408,284

[10:23:44] 367,358,455,548,659,747,632

[10:23:44] 283,272,362,464,583,717,614

[10:23:44] 0,0,0,0,0,0,0

[10:23:44] Rechtervoet:

[10:23:44] 0,0,0,0,0,0,0

[10:23:44] 0,0,0,0,0,0,0

[10:23:44] 108,115,138,144,212,200,230

[10:23:44] 295,301,347,392,381,419,450

[10:23:44] 578,582,627,690,726,723,620

[10:23:44] 516,564,844,896,922,917,594

[10:23:44] 612,638,969,872,758,705,564

[10:23:44] 77,135,465,419,189,186,171

[10:23:44] 6,10,21,78,27,57,76

[10:23:44] 0,0,0,3,0,14,36

[10:23:44] 124,121,136,161,183,153,112

[10:23:44] 144,149,199,263,473,585,345

[10:23:44] 215,215,281,323,644,785,526

[10:23:44] 570,587,633,671,850,904,765

[10:23:44] 0,0,0,0,0,0,0

LABEL: correct_posture

CORRECT_HEEL_POS: True