[10:25:08] ---START---

[10:25:08] WEIGHT:79.8

[10:25:08] HEIGHT:93.7

[10:25:08] Linkervoet:

[10:25:08] 0,0,0,0,0,0,0

[10:25:08] 0,0,0,0,0,0,0

[10:25:08] 162,152,199,250,284,374,393

[10:25:08] 522,499,581,684,638,680,680

[10:25:08] 374,335,458,551,572,557,434

[10:25:08] 685,667,815,900,858,852,757

[10:25:08] 286,293,598,587,477,486,405

[10:25:08] 380,406,563,608,493,495,436

[10:25:08] 122,111,151,223,161,207,191

[10:25:08] 196,186,235,307,203,187,188

[10:25:08] 315,311,359,424,435,411,356

[10:25:08] 216,196,281,390,471,542,386

[10:25:08] 508,478,585,679,780,868,766

[10:25:08] 346,328,421,493,573,702,635

[10:25:08] 0,0,0,0,0,2,0

[10:25:08] Rechtervoet:

[10:25:08] 0,0,0,0,0,0,0

[10:25:08] 0,0,0,0,0,0,0

[10:25:08] 0,0,0,0,0,0,0

[10:25:08] 0,0,0,0,0,0,0

[10:25:08] 35,35,36,47,50,40,29

[10:25:08] 0,0,0,0,0,0,0

[10:25:08] 0,0,0,0,0,0,0

[10:25:08] 0,0,0,0,0,0,0

[10:25:08] 0,0,0,0,0,0,0

[10:25:08] 0,1,0,0,0,0,0

[10:25:09] 0,0,0,0,0,0,0

[10:25:09] 0,0,0,0,0,0,0

[10:25:09] 0,0,0,0,0,0,0

[10:25:09] 1,2,1,1,1,0,0

[10:25:09] 0,0,0,0,0,0,0

[10:25:09] LABEL: inbalance_left

[10:25:09] CORRECT_HEEL_POS: True